0.348548 -0.044891 0.392909 0.142031 0.419207 0.333440 -0.560830 -0.317020 
-0.066010 0.065159 0.372245 -0.184379 -0.192874 -0.293914 0.290698 -0.781501 
-0.415168 -0.042420 -0.216315 0.204299 -0.405013 -0.239326 -0.693382 -0.187660 
0.309857 -0.903658 -0.057648 -0.115152 -0.075360 -0.254611 -0.016068 0.006570 
0.041942 0.159023 -0.410007 -0.768346 0.339252 -0.161098 -0.243894 -0.118166 
0.670291 0.228403 -0.463398 0.138128 -0.423838 0.165233 0.025187 -0.239058 
-0.364643 -0.278361 -0.479004 0.202581 0.290188 0.449473 0.234047 -0.421964 
0.147538 0.142831 -0.211311 0.490265 0.488273 -0.651957 0.070928 -0.065801 
