0.048750 0.065130 0.342728 -0.321198 -0.464905 0.099887 0.423750 0.134051 0.010720 -0.002155 0.028002 0.292716 0.272224 -0.038946 0.290874 0.319824
-0.113767 -0.132854 0.148146 -0.066315 0.514193 0.117790 -0.163694 -0.151941 -0.104801 -0.014093 -0.471140 0.296097 0.510985 0.108566 0.019801 0.144215
-0.056808 0.109642 -0.188198 -0.289901 -0.116313 0.128927 0.021304 -0.312094 -0.400480 -0.388111 0.239244 0.016365 0.038363 0.383913 -0.435131 0.174825
-0.392956 -0.131142 0.187656 -0.047866 -0.277372 0.549396 -0.054704 0.153829 -0.156357 0.167935 -0.399592 -0.304508 -0.192066 -0.009874 -0.197029 -0.067811
0.345267 0.580633 -0.064092 -0.120367 -0.008955 0.265029 -0.015141 0.023673 -0.036377 0.176538 -0.194495 0.387342 -0.099809 0.038241 -0.103798 -0.459783
-0.047165 0.178798 -0.257461 -0.457887 0.235094 0.123249 -0.177322 0.077985 -0.005166 0.016854 0.044202 -0.010873 -0.177676 -0.627166 -0.020960 0.392616
-0.166601 0.158390 -0.200562 0.621156 -0.146054 0.029788 0.104696 -0.026522 0.003193 -0.159320 -0.224810 0.414742 -0.231602 -0.099909 -0.108142 0.404912
0.057667 -0.397534 0.091010 -0.198082 0.313892 0.112174 0.194066 0.408680 0.196913 -0.195618 0.067230 0.347970 -0.442415 0.232810 -0.149036 -0.023286
0.097741 -0.020531 -0.058356 0.194422 0.001890 0.625048 -0.397611 -0.003358 0.223616 0.028939 0.430505 0.050954 0.100526 0.194182 0.296665 0.159471
0.131577 0.115523 0.624977 0.000997 -0.043775 -0.064850 -0.360174 -0.244154 0.016094 -0.501839 -0.086570 -0.015869 -0.298922 -0.144891 0.112062 -0.023093
-0.029326 0.053656 0.312131 0.180979 0.030629 0.081596 0.044555 0.133010 0.261400 -0.028537 0.298113 0.034931 0.370053 -0.327768 -0.654651 -0.081451
0.565785 -0.225984 -0.014247 0.032712 -0.259784 -0.165747 -0.415959 0.343130 -0.240603 0.153582 -0.161874 0.006441 0.067099 0.056742 -0.233044 0.268462
0.295111 0.376266 0.124692 0.073519 0.286414 0.084966 0.298607 0.080431 0.228286 -0.002981 -0.180038 -0.500528 -0.044681 0.278110 -0.071396 0.382084
0.218411 -0.264968 0.191402 -0.006117 0.041551 0.073167 0.156994 -0.625010 0.016088 0.528708 0.083824 0.111540 -0.265270 -0.061592 -0.158288 0.156769
-0.222648 0.253292 0.350295 0.154111 0.275150 -0.113347 -0.030588 0.267113 -0.569764 0.304784 0.342645 0.067016 -0.126270 0.084662 0.084325 0.096596
-0.377253 0.230234 0.067343 -0.236776 -0.154866 -0.323029 -0.363762 -0.002324 0.458746 0.276314 -0.027206 0.137238 -0.079472 0.350102 -0.144960 0.164749