0.450951 -0.488447 -0.100067 0.108388 0.146584 -0.158772 0.474648 -0.514115 
0.488447 0.450951 -0.108388 -0.100067 0.158772 0.146584 0.514115 0.474648 
0.568533 -0.245353 0.260131 -0.112261 0.328409 -0.141726 -0.586728 0.253205 
-0.245353 -0.568533 -0.112261 -0.260131 -0.141726 -0.328409 0.253205 0.586728 
0.242633 -0.262808 -0.433482 0.469526 -0.420040 0.454966 -0.192189 0.208169 
0.262808 0.242633 -0.469526 -0.433482 -0.454966 -0.420040 -0.208169 -0.192189 
0.198404 -0.085622 0.642447 -0.277250 -0.610372 0.263408 0.135443 -0.058451 
-0.085622 -0.198404 -0.277250 -0.642447 0.263408 0.610372 -0.058451 -0.135443 
